row		date			in World	in Iran
---------------------------------------------
01		09/03/2017		244,130		5,015
02		10/03/2017		235,549		4,904
03		12/03/2017		222,821		4,680
04		17/03/2017		212,638		4,754
05		21/03/2017		207,080		4,382
06		28/03/2017		199,416		3,779	- before advertise
07		29/03/2017		197,658		3,753
08		31/03/2017		191,640		3,567
09		04/04/2017		185,817		3,385
10		22/05/2017		129,383		2,565	- after election
11		03/06/2017		136,035		3,564
12		05/06/2017		135,935		3,548
13		27/06/2017		149,654		7,772
14		01/07/2017		154,812		7,423
--------------------------------------------- break developement
15		16/08/2018		1,279,223	26,987	- start v2
16		30/09/2018		764,666		19,745
16		04/11/2018		597,893		23,962


